# ID        RA            DEC           z      Mag    Int_Pz    Rad(')   Rank
09.000253   175.6950009  +15.4568249    1.13   22.95  0.609     0.52     1130
09.000535   175.6889783  +15.4422087    1.20   22.31  0.566     0.55     1081
09.000332   175.6975652  +15.4530942    1.15   22.19  0.527     0.57     1015
09.000158   175.6998459  +15.4617500    1.27   22.70  0.550     0.93     1013
09.000283   175.6857843  +15.4557199    1.11   23.95  0.537     0.29     999
09.000238   175.6971033  +15.4572542    1.25   24.76  0.581     0.64     998
09.000397   175.6851251  +15.4506913    1.08   23.24  0.466     0.17     938
09.000279   175.6888419  +15.4556539    1.12   23.50  0.471     0.26     910
09.000311   175.6869131  +15.4542516    1.07   23.17  0.449     0.18     906
09.000215   175.6920876  +15.4584049    1.26   22.93  0.475     0.48     901
09.000370   175.6805128  +15.4513982    1.11   23.05  0.464     0.43     884
09.000387   175.6895906  +15.4513457    1.13   24.34  0.432     0.10     878
09.000259   175.6731683  +15.4565644    1.10   23.75  0.480     0.91     853
09.000497   175.6804260  +15.4451868    1.16   24.51  0.483     0.57     853
09.000386   175.6940544  +15.4513041    1.05   23.15  0.437     0.35     845
09.000420   175.7066270  +15.4498238    1.09   22.79  0.459     1.09     844
09.000271   175.6844265  +15.4561603    1.05   23.72  0.445     0.35     841
09.000206   175.6896056  +15.4588055    1.05   23.38  0.441     0.46     830
09.000243   175.6910349  +15.4569074    1.08   22.79  0.418     0.38     820
09.000231   175.6826818  +15.4577992    1.05   24.04  0.435     0.49     796
09.000575   175.6797703  +15.4393549    1.07   23.91  0.447     0.86     794
09.000339   175.6897277  +15.4532418    1.03   23.00  0.372     0.15     788
09.000286   175.6820562  +15.4553991    1.11   22.72  0.401     0.42     787
09.000315   175.6897150  +15.4543621    1.03   22.98  0.381     0.21     786
09.000354   175.6840502  +15.4524483    1.03   22.93  0.380     0.23     778
09.000133   175.6885932  +15.4628257    1.27   24.35  0.439     0.69     777
09.000328   175.7001679  +15.4535910    1.16   22.02  0.398     0.72     777
09.000340   175.6826787  +15.4531073    1.03   22.98  0.391     0.32     776
09.000412   175.7103626  +15.4504477    1.16   24.04  0.443     1.30     770
09.000179   175.6864878  +15.4605934    1.08   22.54  0.397     0.56     770
09.000278   175.6876377  +15.4558696    1.07   24.51  0.404     0.27     765
09.000476   175.7094254  +15.4462118    1.09   24.86  0.431     1.28     727
09.000187   175.6847015  +15.4598031    1.02   22.97  0.373     0.54     717
09.000423   175.6754097  +15.4499052    1.04   23.16  0.383     0.73     715
09.000023   175.6957039  +15.4696565    1.02   22.35  0.378     1.18     712
09.000199   175.6846729  +15.4590125    1.02   23.11  0.370     0.49     712
09.000262   175.6798197  +15.4563178    1.02   23.26  0.373     0.55     707
09.000510   175.6846356  +15.4438398    1.32   24.58  0.389     0.49     705
09.000043   175.7013129  +15.4683349    1.24   23.30  0.390     1.28     703
09.000169   175.6796899  +15.4598415    1.01   16.32  0.258     0.70     688
09.000568   175.6777079  +15.4397647    1.04   23.24  0.373     0.91     686
09.000333   175.6984962  +15.4528071    1.11   23.47  0.364     0.62     681
09.000239   175.6990877  +15.4571992    1.06   24.06  0.374     0.73     675
09.000252   175.7013227  +15.4568172    1.07   23.93  0.370     0.84     666
09.000597   175.6811712  +15.4381779    1.34   25.34  0.392     0.88     664
09.000103   175.7026883  +15.4649909    1.12   24.13  0.378     1.18     662
09.000470   175.6923245  +15.4468729    1.22   23.35  0.334     0.37     659
09.000155   175.7045997  +15.4619399    1.24   23.67  0.364     1.15     652
09.000170   175.6897501  +15.4611139    1.04   24.51  0.359     0.59     648
09.000408   175.6824532  +15.4503546    1.04   22.10  0.305     0.32     647
09.000317   175.7057567  +15.4544641    1.04   23.46  0.353     1.05     641
09.000378   175.6850637  +15.4515557    0.96   23.63  0.294     0.17     634
09.000223   175.6871786  +15.4582070    1.03   23.99  0.329     0.41     630
09.000442   175.6917601  +15.4486826    1.25   24.46  0.318     0.27     625
09.000574   175.6764957  +15.4393934    1.00   23.53  0.341     0.98     622
09.000219   175.6980273  +15.4583947    1.02   24.72  0.348     0.72     617
09.000654   175.6763275  +15.4334845    1.03   21.80  0.315     1.27     612
09.000417   175.7111180  +15.4502562    1.00   22.92  0.328     1.34     604
09.000244   175.6916214  +15.4567675    1.13   23.65  0.303     0.39     597
09.000126   175.6754399  +15.4632995    1.22   24.81  0.345     1.02     597
09.000363   175.6859526  +15.4522063    0.97   22.75  0.250     0.12     593
09.000226   175.6905454  +15.4578875    1.10   21.38  0.274     0.42     593
09.000576   175.6788342  +15.4393432    1.00   22.98  0.313     0.89     590
09.000139   175.7031215  +15.4627538    1.07   24.09  0.331     1.11     587
09.000483   175.6807094  +15.4460283    0.98   23.16  0.300     0.53     586
09.000455   175.6889832  +15.4478706    0.99   23.09  0.269     0.22     585
09.000437   175.6990204  +15.4486145    1.03   24.22  0.309     0.66     568
09.000207   175.6810988  +15.4589155    1.38   25.14  0.311     0.60     557
09.000055   175.6942273  +15.4678842    1.08   24.58  0.317     1.05     555
09.000384   175.6807911  +15.4519600    1.16   23.73  0.280     0.41     553
09.000003   175.7050947  +15.4733245    1.04   20.03  0.263     1.65     552
09.000294   175.6922686  +15.4554571    0.97   24.15  0.277     0.35     549
09.000351   175.6885522  +15.4528149    0.93   24.11  0.228     0.09     548
09.000599   175.6771028  +15.4378121    1.22   24.79  0.314     1.03     547
09.000177   175.6767900  +15.4606180    1.10   22.24  0.275     0.85     542
09.000368   175.6830400  +15.4519143    1.22   25.34  0.278     0.28     542
09.000130   175.6928247  +15.4637957    1.04   24.79  0.290     0.80     518
09.000362   175.6846783  +15.4524111    0.94   24.85  0.240     0.20     512
09.000190   175.6976651  +15.4593014    1.05   22.11  0.252     0.74     509
09.000396   175.7104218  +15.4509743    0.99   24.32  0.289     1.30     508
09.000106   175.6968372  +15.4648038    1.08   24.18  0.280     0.96     506
09.000489   175.7121632  +15.4458911    0.99   24.74  0.294     1.44     505
09.000498   175.6832195  +15.4447635    0.98   22.85  0.247     0.48     505
09.000248   175.6796630  +15.4569954    1.14   24.83  0.273     0.58     503
09.000345   175.6993942  +15.4531100    0.97   24.77  0.275     0.67     501
09.000395   175.7008356  +15.4511304    0.84   15.00  0.166     0.75     495
09.000529   175.7069334  +15.4428158    0.96   24.11  0.272     1.21     486
09.000373   175.7002229  +15.4520484    0.96   22.92  0.247     0.71     485
09.000030   175.7004558  +15.4694626    1.43   24.07  0.269     1.30     480
09.000152   175.6931390  +15.4622682    0.92   21.96  0.231     0.72     475
09.000287   175.6816135  +15.4550810    0.95   25.01  0.238     0.43     460
09.000032   175.6989183  +15.4692484    0.95   21.86  0.232     1.25     459
09.000298   175.6865436  +15.4549391    1.09   24.20  0.205     0.23     455
09.000372   175.6922270  +15.4518392    0.92   22.55  0.193     0.25     453
09.000544   175.7110875  +15.4414755    1.03   24.41  0.258     1.47     452
09.000594   175.6895954  +15.4381237    0.99   23.53  0.236     0.80     451
09.000195   175.7075747  +15.4595240    0.82   23.45  0.237     1.24     439
09.000385   175.7044033  +15.4514064    0.95   25.29  0.250     0.95     438
09.000451   175.6784974  +15.4481766    0.93   23.36  0.218     0.58     437
09.000637   175.6905950  +15.4360934    0.97   25.41  0.249     0.93     436
09.000329   175.6931950  +15.4539824    0.94   25.52  0.212     0.34     424
09.000499   175.6831710  +15.4443586    1.06   22.80  0.198     0.50     418
09.000178   175.6835934  +15.4607553    0.90   25.27  0.219     0.62     407
09.000040   175.6882952  +15.4686906    0.93   22.58  0.206     1.04     405
09.000212   175.6855106  +15.4587592    0.87   24.69  0.203     0.46     404
09.000098   175.6932804  +15.4647493    0.94   23.66  0.211     0.86     403
09.000383   175.6796478  +15.4515059    1.05   24.96  0.205     0.48     402
09.000507   175.7019551  +15.4440821    0.91   25.33  0.223     0.92     396
09.000120   175.6741369  +15.4633765    0.92   22.89  0.204     1.07     395
09.000068   175.6960032  +15.4658936    0.86   24.05  0.211     0.99     393
09.000424   175.6937641  +15.4500288    0.90   25.24  0.190     0.35     392
09.000305   175.7006629  +15.4549543    0.85   25.47  0.216     0.77     390
09.000110   175.6687528  +15.4640898    1.02   24.90  0.221     1.35     387
09.000214   175.7071915  +15.4585452    0.87   24.55  0.215     1.19     386
09.000247   175.6701872  +15.4570983    0.98   25.15  0.218     1.08     385
09.000310   175.6768885  +15.4547896    0.93   24.65  0.201     0.67     383
09.000371   175.6919016  +15.4519208    0.78   23.76  0.159     0.23     383
09.000656   175.6743494  +15.4334807    1.04   25.38  0.219     1.33     377
09.000230   175.6743833  +15.4579277    1.01   24.45  0.201     0.88     375
09.000107   175.6687064  +15.4647841    0.92   24.25  0.208     1.37     374
09.000118   175.7053012  +15.4638724    0.93   24.94  0.212     1.25     374
09.000494   175.6722907  +15.4453466    0.94   24.89  0.205     0.97     372
09.000114   175.6848796  +15.4640931    0.84   25.01  0.199     0.78     369
09.000335   175.6838147  +15.4536923    0.81   24.45  0.161     0.28     368
09.000587   175.6734524  +15.4387583    0.98   25.72  0.211     1.13     365
09.000590   175.6757689  +15.4388214    0.90   24.81  0.200     1.03     363
09.000064   175.6892130  +15.4673247    0.85   23.46  0.187     0.96     361
09.000542   175.7004932  +15.4415989    0.89   25.62  0.203     0.93     361
09.000255   175.6864733  +15.4569553    0.76   25.42  0.171     0.34     360
09.000473   175.6815628  +15.4468637    0.87   25.29  0.180     0.46     360
09.000382   175.6782967  +15.4522173    1.01   24.55  0.179     0.56     357
09.000146   175.6690603  +15.4625251    0.91   25.13  0.203     1.28     356
09.000174   175.6951436  +15.4612022    0.87   24.96  0.188     0.72     355
09.000566   175.7038203  +15.4400973    0.89   25.44  0.197     1.14     347
09.000189   175.7060348  +15.4598639    0.88   23.81  0.183     1.16     344
09.000232   175.6950799  +15.4579806    0.85   24.96  0.174     0.57     343
09.000546   175.6730013  +15.4410503    0.83   21.58  0.163     1.06     341
09.000191   175.6697086  +15.4597377    0.90   24.72  0.188     1.17     340
09.000553   175.6751371  +15.4404282    0.78   21.07  0.155     0.99     336
09.000475   175.6936714  +15.4463708    0.92   21.72  0.140     0.45     334
09.000477   175.6840257  +15.4461249    0.58   24.02  0.150     0.39     334
09.000082   175.6724553  +15.4665030    0.81   23.72  0.177     1.27     332
09.000038   175.6964278  +15.4688597    0.62   23.44  0.173     1.16     332
09.000492   175.7103522  +15.4456152    0.81   24.90  0.185     1.34     329
09.000163   175.7027312  +15.4614069    0.86   21.56  0.156     1.05     329
09.000404   175.6881973  +15.4507742    1.01   99.00  0.297     0.04     328
09.000460   175.6808073  +15.4474678    0.74   25.42  0.161     0.47     327
09.000513   175.7043696  +15.4439303    0.90   24.30  0.173     1.05     324
09.000616   175.6833437  +15.4371073    0.84   24.79  0.173     0.90     324
09.000330   175.6829780  +15.4538497    0.79   24.66  0.141     0.32     324
09.000631   175.6916270  +15.4363899    0.87   24.77  0.173     0.92     323
09.000331   175.6739840  +15.4537243    0.87   23.89  0.164     0.82     323
09.000007   175.7042936  +15.4724867    0.88   21.88  0.160     1.58     320
09.000588   175.6827181  +15.4390631    0.84   25.37  0.171     0.80     319
09.000484   175.7024698  +15.4452504    0.11   16.45  0.113     0.92     319
09.000156   175.7049224  +15.4614565    0.47   24.11  0.169     1.15     317
09.000122   175.6795355  +15.4636857    0.83   25.00  0.167     0.88     313
09.000108   175.6941454  +15.4647080    0.74   24.49  0.163     0.88     312
09.000011   175.7032036  +15.4717062    0.82   24.34  0.170     1.51     308
09.000004   175.7016237  +15.4726388    0.96   23.41  0.163     1.50     307
09.000109   175.6817443  +15.4644175    0.90   22.71  0.148     0.86     307
09.000046   175.6762657  +15.4682565    0.84   24.39  0.166     1.22     307
09.000602   175.6966968  +15.4378790    0.81   24.84  0.163     0.96     305
09.000037   175.6802952  +15.4691420    0.85   25.35  0.170     1.15     305
09.000651   175.6744636  +15.4337798    0.87   25.45  0.173     1.31     304
09.000350   175.6868696  +15.4528379    0.21   22.64  0.079     0.11     302
09.000086   175.6694038  +15.4660762    0.83   23.63  0.160     1.39     302
09.000554   175.6919320  +15.4406315    0.84   24.44  0.148     0.69     298
09.000216   175.7005546  +15.4610788    0.52   24.78  0.153     0.93     291
09.000380   175.7060984  +15.4516527    0.83   24.64  0.154     1.05     289
09.000480   175.6949305  +15.4462109    0.18   24.21  0.130     0.51     285
09.000459   175.7124201  +15.4475093    0.88   22.77  0.140     1.44     276
09.000501   175.7076716  +15.4448330    0.83   25.31  0.149     1.21     270
09.000306   175.6913890  +15.4549960    1.20   99.00  0.419     0.29     270
09.000344   175.6940916  +15.4531204    1.16   99.00  0.449     0.37     268
09.000614   175.6891114  +15.4370347    0.58   23.18  0.126     0.86     264
09.000391   175.6862356  +15.4511623    1.09   99.00  0.239     0.10     263
09.000211   175.7099669  +15.4588540    0.62   24.80  0.142     1.35     261
09.000561   175.6993660  +15.4401866    0.59   24.62  0.133     0.94     259
09.000409   175.6818206  +15.4502914    0.54   24.81  0.105     0.36     258
09.000360   175.7096735  +15.4521665    1.12   99.00  0.548     1.26     255
09.000486   175.6829193  +15.4460347    1.33   99.00  0.433     0.43     254
09.000151   175.6871243  +15.4623483    0.89   22.28  0.109     0.66     253
09.000421   175.6872148  +15.4499202    1.02   99.00  0.211     0.10     253
09.000443   175.6911793  +15.4486088    0.42   24.03  0.084     0.25     250
09.000337   175.6919393  +15.4535060    1.07   99.00  0.348     0.26     248
09.000539   175.6846958  +15.4420306    0.75   25.33  0.117     0.59     247
09.000273   175.6867479  +15.4562196    0.77   24.66  0.090     0.30     246
09.000633   175.6795468  +15.4361593    0.52   23.80  0.121     1.03     243
09.000635   175.6816100  +15.4363107    0.61   25.26  0.126     0.98     242
09.000379   175.6854317  +15.4514731    1.09   99.00  0.234     0.14     239
09.000565   175.7107617  +15.4401554    0.58   24.99  0.131     1.48     239
09.000288   175.6896521  +15.4556576    1.09   99.00  0.331     0.27     239
09.000401   175.6832875  +15.4508609    1.08   99.00  0.323     0.27     236
09.000318   175.6906120  +15.4541933    0.29   23.31  0.070     0.23     236
09.000357   175.6898932  +15.4526495    1.01   99.00  0.213     0.14     234
09.000411   175.6867918  +15.4507048    0.47   99.00  0.133     0.08     234
09.000416   175.6974245  +15.4504057    0.51   23.85  0.099     0.55     232
09.000251   175.6782212  +15.4570718    1.24   99.00  0.429     0.66     231
09.000353   175.6994249  +15.4525598    0.17   22.32  0.097     0.67     231
09.000296   175.6949397  +15.4553773    1.15   99.00  0.382     0.47     228
09.000261   175.7010268  +15.4565060    1.22   99.00  0.443     0.82     228
09.000171   175.6735496  +15.4611033    0.62   23.36  0.109     1.02     227
09.000431   175.6977487  +15.4493327    1.11   99.00  0.397     0.58     224
09.000519   175.6946106  +15.4432550    1.20   99.00  0.399     0.62     221
09.000352   175.6905332  +15.4528608    1.04   99.00  0.219     0.17     221
09.000458   175.6920112  +15.4476020    1.07   99.00  0.314     0.33     221
09.000270   175.6884823  +15.4562500    0.45   23.71  0.070     0.29     219
09.000515   175.7128898  +15.4437425    0.43   24.40  0.116     1.51     219
09.000297   175.6848218  +15.4552892    1.04   99.00  0.290     0.30     218
09.000326   175.6852105  +15.4539641    0.96   99.00  0.236     0.22     214
09.000573   175.7014441  +15.4396107    1.23   99.00  0.429     1.05     213
09.000182   175.7069068  +15.4603687    1.25   99.00  0.437     1.22     211
09.000308   175.6823919  +15.4549556    1.07   99.00  0.312     0.39     211
09.000209   175.6875938  +15.4588240    1.04   99.00  0.332     0.45     211
09.000562   175.6990876  +15.4401593    0.49   25.28  0.105     0.93     210
09.000355   175.6843176  +15.4518970    1.01   99.00  0.219     0.21     210
09.000390   175.6891189  +15.4518191    0.28   24.41  0.016     0.07     209
09.000021   175.6985321  +15.4699877    1.33   99.00  0.429     1.27     207
09.000029   175.6993787  +15.4696056    1.24   99.00  0.429     1.28     207
09.000524   175.7080175  +15.4431953    1.26   99.00  0.427     1.26     206
09.000555   175.7050678  +15.4405341    0.13   24.64  0.105     1.19     206
09.000324   175.6880724  +15.4541165    0.50   99.00  0.165     0.16     204
09.000338   175.6921166  +15.4531955    1.06   99.00  0.236     0.27     202
09.000028   175.6971146  +15.4691772    1.27   99.00  0.412     1.19     202
09.000347   175.7090482  +15.4529855    1.13   99.00  0.408     1.23     199
09.000264   175.6882401  +15.4564209    0.97   99.00  0.248     0.30     199
09.000013   175.7062623  +15.4714645    1.21   99.00  0.424     1.60     199
09.000369   175.6834149  +15.4516944    0.96   99.00  0.222     0.26     197
09.000365   175.6922587  +15.4523795    1.04   99.00  0.219     0.26     197
09.000525   175.6785949  +15.4430064    1.12   99.00  0.357     0.74     197
09.000389   175.6970823  +15.4512327    1.03   99.00  0.319     0.53     197
09.000322   175.6783669  +15.4543033    1.05   99.00  0.327     0.58     196
09.000027   175.6876317  +15.4696300    1.10   99.00  0.390     1.09     196
09.000418   175.6808157  +15.4502477    1.02   99.00  0.279     0.42     193
09.000090   175.7048794  +15.4659210    0.74   23.58  0.094     1.31     192
09.000376   175.6779418  +15.4517054    1.03   99.00  0.316     0.58     191
09.000496   175.6791661  +15.4450918    1.04   99.00  0.325     0.63     191
09.000249   175.6827414  +15.4570416    1.02   99.00  0.279     0.45     189
09.000274   175.6930748  +15.4562234    1.00   99.00  0.266     0.42     188
09.000127   175.7081111  +15.4632830    1.33   99.00  0.383     1.37     186
09.000136   175.6740272  +15.4627910    1.09   99.00  0.363     1.06     186
09.000258   175.6884531  +15.4568076    0.91   99.00  0.226     0.33     186
09.000608   175.6838933  +15.4374304    0.43   24.73  0.086     0.87     185
09.000079   175.6787968  +15.4668643    1.12   99.00  0.361     1.07     185
09.000410   175.6727113  +15.4506203    0.44   24.76  0.086     0.88     185
09.000478   175.6874258  +15.4463243    1.07   99.00  0.211     0.31     184
09.000466   175.6911183  +15.4471868    0.89   99.00  0.210     0.31     182
09.000425   175.6819320  +15.4496954    1.13   99.00  0.230     0.36     181
09.000257   175.6857261  +15.4568411    1.09   99.00  0.225     0.35     181
09.000084   175.6920233  +15.4664407    1.10   99.00  0.340     0.93     181
09.000644   175.6744956  +15.4353016    1.23   99.00  0.361     1.24     180
09.000188   175.6837049  +15.4599360    1.04   99.00  0.284     0.57     179
09.000432   175.6931782  +15.4493457    0.98   99.00  0.210     0.33     179
09.000250   175.6868765  +15.4570712    0.92   99.00  0.217     0.35     179
09.000419   175.7010976  +15.4502227    1.07   99.00  0.315     0.76     179
09.000364   175.6939840  +15.4523094    1.14   99.00  0.220     0.35     179
09.000415   175.6963420  +15.4505012    0.97   99.00  0.262     0.49     178
09.000450   175.6954005  +15.4484396    0.96   99.00  0.256     0.47     178
09.000208   175.6939515  +15.4588611    0.99   99.00  0.276     0.57     176
09.000225   175.6944979  +15.4582441    1.01   99.00  0.274     0.56     176
09.000019   175.7036224  +15.4704904    1.07   99.00  0.362     1.46     176
09.000237   175.6916436  +15.4573785    0.93   99.00  0.235     0.42     175
09.000413   175.6834869  +15.4505689    0.66   99.00  0.165     0.26     175
09.000202   175.6971601  +15.4590723    1.12   99.00  0.296     0.71     174
09.000194   175.6866993  +15.4595940    0.22   24.89  0.064     0.50     174
09.000083   175.6762207  +15.4665244    1.05   99.00  0.338     1.13     174
09.000303   175.6803412  +15.4550754    1.17   99.00  0.251     0.49     173
09.000465   175.6836415  +15.4472340    0.97   99.00  0.205     0.35     173
09.000138   175.6933877  +15.4628812    1.05   99.00  0.299     0.76     172
09.000314   175.6970076  +15.4546101    1.21   99.00  0.265     0.56     172
09.000462   175.6801858  +15.4473489    0.98   99.00  0.252     0.51     172
09.000414   175.6840625  +15.4505242    0.46   99.00  0.138     0.23     172
09.000547   175.6846775  +15.4408423    1.18   99.00  0.282     0.66     172
09.000072   175.6767108  +15.4669615    1.09   99.00  0.327     1.14     169
09.000503   175.7110866  +15.4445466    0.45   25.39  0.087     1.40     168
09.000471   175.6926937  +15.4468252    1.09   99.00  0.205     0.39     167
09.000511   175.6776008  +15.4439479    0.43   24.90  0.071     0.75     166
09.000422   175.6714265  +15.4500666    1.06   99.00  0.305     0.96     166
09.000441   175.7075830  +15.4488817    1.05   99.00  0.320     1.15     166
09.000434   175.6927940  +15.4490938    0.55   99.00  0.170     0.31     166
09.000375   175.7103014  +15.4517779    1.18   99.00  0.328     1.29     165
09.000304   175.6946950  +15.4550544    0.90   99.00  0.220     0.45     165
09.000266   175.6809004  +15.4562965    1.03   99.00  0.233     0.50     165
09.000491   175.6917164  +15.4457210    0.96   99.00  0.204     0.40     165
09.000241   175.6996354  +15.4572355    1.02   99.00  0.280     0.76     165
09.000343   175.6785538  +15.4531938    0.95   99.00  0.244     0.55     165
09.000481   175.6851569  +15.4461447    1.11   99.00  0.182     0.35     163
09.000101   175.6982845  +15.4654354    1.06   99.00  0.305     1.03     163
09.000445   175.6965229  +15.4486210    0.93   99.00  0.233     0.52     163
09.000125   175.6964400  +15.4634464    1.00   99.00  0.288     0.88     162
09.000268   175.6887517  +15.4563718    0.72   99.00  0.156     0.30     162
09.000289   175.6987919  +15.4556591    1.00   99.00  0.261     0.68     162
09.000592   175.6806111  +15.4387333    1.03   99.00  0.285     0.87     161
09.000312   175.7018464  +15.4548449    1.02   99.00  0.280     0.83     161
09.000398   175.7097228  +15.4508740    1.38   99.00  0.312     1.26     160
09.000222   175.6828467  +15.4583591    1.07   99.00  0.222     0.51     160
09.000377   175.6966579  +15.4517510    0.99   99.00  0.219     0.51     159
09.000502   175.6800275  +15.4459951    0.91   99.00  0.224     0.56     156
09.000549   175.6893320  +15.4407744    1.05   99.00  0.239     0.64     155
09.000367   175.6825726  +15.4522378    0.48   99.00  0.144     0.31     155
09.000433   175.7085303  +15.4490404    1.20   99.00  0.296     1.20     155
09.000558   175.7129487  +15.4403597    0.49   24.77  0.078     1.59     153
09.000157   175.6902217  +15.4620340    1.07   99.00  0.235     0.65     153
09.000394   175.6978321  +15.4511204    1.17   99.00  0.218     0.57     152
09.000319   175.6991389  +15.4544143    0.97   99.00  0.236     0.67     152
09.000320   175.7048364  +15.4543283    0.98   99.00  0.273     0.99     152
09.000221   175.6809719  +15.4583792    0.97   99.00  0.218     0.58     152
09.000141   175.6865079  +15.4627443    1.09   99.00  0.233     0.69     150
09.000479   175.6972444  +15.4464193    1.02   99.00  0.219     0.62     149
09.000400   175.6771940  +15.4507393    1.01   99.00  0.220     0.62     149
09.000217   175.6858260  +15.4585013    1.21   99.00  0.178     0.44     149
09.000536   175.6968944  +15.4423930    0.45   24.24  0.058     0.75     148
09.000281   175.6776683  +15.4559421    0.93   99.00  0.222     0.65     148
09.000153   175.6924880  +15.4619046    0.92   99.00  0.227     0.68     148
09.000593   175.6963865  +15.4386222    0.16   24.16  0.062     0.91     147
09.000393   175.6959782  +15.4512272    0.95   99.00  0.179     0.47     147
09.000436   175.6994311  +15.4489307    1.14   99.00  0.224     0.68     147
09.000537   175.6937269  +15.4423435    1.03   99.00  0.216     0.64     146
09.000514   175.6904581  +15.4439057    0.91   99.00  0.179     0.47     146
09.000022   175.6851871  +15.4697974    1.15   99.00  0.269     1.12     146
09.000374   175.7037954  +15.4518095    0.96   99.00  0.252     0.92     146
09.000399   175.7024091  +15.4508202    0.97   99.00  0.243     0.84     146
09.000482   175.6850193  +15.4459860    0.49   99.00  0.143     0.37     146
09.000336   175.7012242  +15.4535845    0.93   99.00  0.234     0.78     145
09.000210   175.6889352  +15.4588998    0.50   99.00  0.171     0.45     145
09.000325   175.6985375  +15.4540560    0.89   99.00  0.210     0.63     144
09.000150   175.6767744  +15.4623825    1.19   99.00  0.248     0.92     144
09.000427   175.6762607  +15.4497211    0.43   23.82  0.052     0.68     143
09.000548   175.6935466  +15.4410706    0.92   99.00  0.216     0.70     142
09.000193   175.6838784  +15.4597642    0.87   99.00  0.189     0.55     142
09.000284   175.7014647  +15.4557173    0.93   99.00  0.232     0.82     142
09.000227   175.6972263  +15.4580801    1.15   99.00  0.209     0.67     141
09.000160   175.6945378  +15.4619543    1.04   99.00  0.219     0.74     141
09.000534   175.6831187  +15.4426178    1.20   99.00  0.195     0.60     141
09.000540   175.6911960  +15.4420524    0.93   99.00  0.194     0.59     141
09.000309   175.6994908  +15.4549383    0.89   99.00  0.213     0.70     141
09.000307   175.6943595  +15.4550153    0.49   99.00  0.153     0.43     141
09.000440   175.6788747  +15.4490056    0.90   99.00  0.182     0.54     140
09.000582   175.6842791  +15.4393089    1.04   99.00  0.219     0.75     140
09.000175   175.6858955  +15.4610333    0.95   99.00  0.192     0.59     140
09.000089   175.6978571  +15.4660202    0.95   99.00  0.249     1.05     140
09.000180   175.6894522  +15.4606841    1.26   99.00  0.185     0.56     140
09.000095   175.6833769  +15.4655326    0.93   99.00  0.233     0.89     140
09.000302   175.7020697  +15.4551691    0.94   99.00  0.228     0.85     139
09.000228   175.7001018  +15.4581066    0.91   99.00  0.223     0.81     139
09.000218   175.6987164  +15.4584414    1.09   99.00  0.214     0.75     138
09.000070   175.6955453  +15.4662383    0.99   99.00  0.240     0.99     138
09.000172   175.6801062  +15.4611554    0.90   99.00  0.212     0.74     138
09.000452   175.6798651  +15.4482373    0.82   99.00  0.167     0.50     138
09.000117   175.6914919  +15.4639586    1.03   99.00  0.217     0.78     138
09.000123   175.6925450  +15.4635218    0.89   99.00  0.216     0.78     138
09.000622   175.6805552  +15.4367610    1.04   99.00  0.237     0.98     138
09.000066   175.6709351  +15.4671505    1.18   99.00  0.263     1.36     138
09.000545   175.6871314  +15.4414580    1.21   99.00  0.186     0.60     137
09.000161   175.6967169  +15.4619762    0.99   99.00  0.219     0.81     137
09.000402   175.6711885  +15.4508338    1.07   99.00  0.235     0.97     137
09.000490   175.6775250  +15.4458268    0.99   99.00  0.201     0.69     137
09.000609   175.6966214  +15.4374632    0.95   99.00  0.233     0.98     136
09.000464   175.7003459  +15.4467973    0.89   99.00  0.210     0.77     136
09.000453   175.6775197  +15.4480087    0.92   99.00  0.189     0.64     136
09.000233   175.6754373  +15.4578855    1.02   99.00  0.215     0.82     135
09.000527   175.6774786  +15.4430379    0.89   99.00  0.210     0.79     135
09.000213   175.7018092  +15.4586614    1.02   99.00  0.224     0.91     135
09.000267   175.6766662  +15.4563681    0.95   99.00  0.199     0.72     134
09.000061   175.6835970  +15.4674434    1.11   99.00  0.230     1.00     134
09.000567   175.6773688  +15.4400285    1.03   99.00  0.221     0.92     134
09.000154   175.6820620  +15.4624831    0.95   99.00  0.201     0.75     134
09.000356   175.6715712  +15.4527017    1.05   99.00  0.224     0.95     134
09.000246   175.7060919  +15.4570855    0.95   99.00  0.235     1.10     133
09.000197   175.6752457  +15.4594186    0.90   99.00  0.215     0.88     133
09.000472   175.7029068  +15.4469560    0.97   99.00  0.218     0.91     133
09.000572   175.6750967  +15.4395356    1.03   99.00  0.229     1.03     133
09.000124   175.6786885  +15.4635458    0.94   99.00  0.217     0.90     132
09.000285   175.6737872  +15.4556476    1.03   99.00  0.212     0.86     132
09.000342   175.6761314  +15.4531818    1.00   99.00  0.189     0.69     132
09.000119   175.6742174  +15.4636883    0.95   99.00  0.231     1.08     132
09.000642   175.6757628  +15.4355152    0.96   99.00  0.238     1.18     132
09.000463   175.7003882  +15.4471220    1.04   99.00  0.199     0.77     132
09.000321   175.6717255  +15.4544019    1.04   99.00  0.219     0.95     131
09.000062   175.7046195  +15.4674424    0.71   24.48  0.061     1.36     131
09.000392   175.6711582  +15.4511792    1.07   99.00  0.220     0.97     131
09.000293   175.7081422  +15.4555322    0.96   99.00  0.237     1.20     131
09.000144   175.6784752  +15.4630699    1.00   99.00  0.212     0.89     131
09.000275   175.6717648  +15.4561830    1.04   99.00  0.219     0.98     130
09.000493   175.6721766  +15.4458494    1.04   99.00  0.218     0.97     130
09.000474   175.6720003  +15.4465647    0.91   99.00  0.217     0.97     130
09.000550   175.6897666  +15.4407903    0.87   99.00  0.176     0.64     130
09.000290   175.6703684  +15.4555601    1.01   99.00  0.223     1.05     130
09.000056   175.6861714  +15.4679390    0.93   99.00  0.217     1.00     129
09.000627   175.6913151  +15.4364774    0.98   99.00  0.209     0.92     129
09.000200   175.6987689  +15.4592797    0.93   99.00  0.194     0.79     129
09.000650   175.6769478  +15.4340712    1.23   99.00  0.232     1.22     129
09.000439   175.6716362  +15.4488541    1.00   99.00  0.212     0.95     128
09.000623   175.6932257  +15.4368034    1.75   25.06  0.053     0.93     128
09.000093   175.6751699  +15.4660292    1.05   99.00  0.227     1.15     128
09.000366   175.6709885  +15.4521337    1.02   99.00  0.214     0.98     128
09.000403   175.6713173  +15.4506603    1.00   99.00  0.212     0.96     128
09.000532   175.6728513  +15.4421986    1.04   99.00  0.218     1.03     128
09.000488   175.7036426  +15.4459290    0.89   99.00  0.212     0.97     128
09.000615   175.6748091  +15.4370594    1.03   99.00  0.226     1.15     128
09.000581   175.6917742  +15.4393043    1.04   99.00  0.188     0.76     128
09.000626   175.6790937  +15.4367029    1.02   99.00  0.215     1.02     127
09.000067   175.6958802  +15.4670362    0.92   99.00  0.217     1.05     127
09.000186   175.6929543  +15.4601757    0.74   99.00  0.162     0.60     127
09.000348   175.7083971  +15.4530202    0.94   99.00  0.227     1.19     127
09.000505   175.7038309  +15.4443576    0.89   99.00  0.214     1.01     127
09.000099   175.6986553  +15.4655210    0.26   25.55  0.056     1.05     127
09.000571   175.7037185  +15.4398196    0.93   99.00  0.224     1.15     127
09.000430   175.6911113  +15.4493360    0.62   22.12  0.005     0.22     127
09.000295   175.7009608  +15.4555608    0.92   99.00  0.191     0.79     127
09.000559   175.6731620  +15.4402665    1.03   99.00  0.219     1.08     127
09.000406   175.7049638  +15.4507542    0.89   99.00  0.211     0.99     127
09.000042   175.7056951  +15.4688374    0.96   99.00  0.241     1.47     127
09.000522   175.6726391  +15.4431806    1.01   99.00  0.213     1.01     127
09.000560   175.6732284  +15.4399708    1.04   99.00  0.219     1.09     127
09.000531   175.6729481  +15.4425586    0.98   99.00  0.213     1.02     127
09.000358   175.6710594  +15.4525899    0.98   99.00  0.209     0.98     126
09.000076   175.6974915  +15.4668157    0.89   99.00  0.217     1.08     126
09.000196   175.6727200  +15.4595742    0.90   99.00  0.211     1.01     126
09.000164   175.7039293  +15.4616894    1.03   99.00  0.219     1.11     126
09.000509   175.6725132  +15.4438742    0.98   99.00  0.210     1.00     126
09.000468   175.6719381  +15.4469007    0.97   99.00  0.206     0.96     126
09.000530   175.7005761  +15.4428049    1.22   99.00  0.199     0.89     126
09.000149   175.7037087  +15.4625235    1.04   99.00  0.219     1.13     126
09.000140   175.7009290  +15.4627991    0.99   99.00  0.210     1.02     125
09.000173   175.6954700  +15.4608900    0.61   22.96  0.041     0.72     125
09.000135   175.6985250  +15.4630131    0.96   99.00  0.202     0.93     125
09.000277   175.6702829  +15.4559825    0.90   99.00  0.213     1.06     125
09.000381   175.7109428  +15.4516306    1.06   99.00  0.230     1.33     125
09.000181   175.7054878  +15.4605937    1.04   99.00  0.219     1.16     125
09.000137   175.7012705  +15.4628875    1.00   99.00  0.210     1.03     125
09.000603   175.6738001  +15.4377189    1.04   99.00  0.219     1.16     125
09.000595   175.6735636  +15.4382635    1.03   99.00  0.218     1.14     125
09.000132   175.6712065  +15.4631377    0.93   99.00  0.221     1.20     125
09.000159   175.7030368  +15.4620116    0.89   99.00  0.213     1.08     125
09.000405   175.7086579  +15.4507476    0.13   23.77  0.053     1.20     124
09.000647   175.6772977  +15.4343361    0.99   99.00  0.220     1.19     124
09.000087   175.6777612  +15.4662441    0.99   99.00  0.211     1.07     124
09.000584   175.6750173  +15.4391305    0.98   99.00  0.209     1.05     124
09.000388   175.6744211  +15.4512755    1.02   99.00  0.182     0.78     124
09.000448   175.6717141  +15.4483794    0.95   99.00  0.201     0.96     124
09.000234   175.6717160  +15.4577895    0.97   99.00  0.206     1.01     124
09.000113   175.7034338  +15.4641419    0.98   99.00  0.218     1.18     124
09.000240   175.7058290  +15.4572485    0.89   99.00  0.212     1.09     124
09.000272   175.7074549  +15.4562848    1.03   99.00  0.217     1.17     124
09.000276   175.6728442  +15.4560306    1.48   99.00  0.196     0.92     124
09.000265   175.6702699  +15.4563853    0.98   99.00  0.209     1.06     123
09.000091   175.6761036  +15.4659177    0.89   99.00  0.212     1.11     123
09.000054   175.6744566  +15.4679669    1.23   99.00  0.222     1.26     123
09.000045   175.6796518  +15.4682863    1.00   99.00  0.212     1.12     123
09.000641   175.6741361  +15.4357627    1.02   99.00  0.219     1.23     123
09.000147   175.6691592  +15.4622609    1.02   99.00  0.221     1.27     123
09.000341   175.6707891  +15.4532912    0.96   99.00  0.202     1.00     123
09.000081   175.6702657  +15.4665155    1.06   99.00  0.226     1.37     123
09.000025   175.6891038  +15.4698930    0.89   99.00  0.210     1.11     122
09.000134   175.7017746  +15.4630027    0.97   99.00  0.206     1.06     122
09.000618   175.6737940  +15.4369510    1.02   99.00  0.215     1.19     122
09.000449   175.6717504  +15.4479116    0.91   99.00  0.197     0.96     122
09.000185   175.6744978  +15.4602389    0.99   99.00  0.194     0.94     122
09.000229   175.7083843  +15.4581414    1.03   99.00  0.217     1.25     122
09.000610   175.6737012  +15.4374224    1.00   99.00  0.212     1.17     122
09.000065   175.6988657  +15.4673809    0.89   99.00  0.210     1.15     121
09.000165   175.6692778  +15.4613401    1.02   99.00  0.215     1.23     121
09.000585   175.6964514  +15.4391788    0.92   99.00  0.187     0.88     121
09.000005   175.7031775  +15.4726881    1.22   99.00  0.230     1.55     121
09.000429   175.6715556  +15.4494824    0.95   99.00  0.193     0.95     121
09.000148   175.6692778  +15.4620951    1.00   99.00  0.215     1.26     121
09.000085   175.6683823  +15.4661490    1.05   99.00  0.224     1.44     121
09.000167   175.6694044  +15.4609359    1.00   99.00  0.212     1.21     120
09.000166   175.6694417  +15.4611105    1.00   99.00  0.212     1.22     120
09.000016   175.6963800  +15.4709974    1.02   99.00  0.215     1.27     120
09.000184   175.6694948  +15.4602823    0.99   99.00  0.210     1.19     120
09.000523   175.6726917  +15.4429242    0.94   99.00  0.197     1.02     120
09.000145   175.7041023  +15.4626780    0.97   99.00  0.207     1.15     120
09.000168   175.6698137  +15.4612647    0.97   99.00  0.210     1.20     120
09.000612   175.6737683  +15.4379844    0.97   99.00  0.206     1.15     120
09.000334   175.6706539  +15.4537262    0.93   99.00  0.195     1.01     120
09.000131   175.6905259  +15.4631631    0.73   99.00  0.162     0.72     119
09.000438   175.7094871  +15.4491487    0.89   99.00  0.211     1.25     119
09.000569   175.7058521  +15.4399139    0.89   99.00  0.210     1.24     119
09.000220   175.6698533  +15.4583998    0.95   99.00  0.202     1.13     119
09.000142   175.7061587  +15.4627278    0.98   99.00  0.210     1.25     119
09.000129   175.6690197  +15.4628475    1.00   99.00  0.212     1.29     119
09.000606   175.6753834  +15.4376260    0.95   99.00  0.199     1.10     118
09.000039   175.7019396  +15.4689227    1.01   99.00  0.213     1.33     118
09.000621   175.6947515  +15.4368246    0.91   99.00  0.187     0.96     118
09.000586   175.6733997  +15.4390254    0.95   99.00  0.200     1.12     118
09.000444   175.7119906  +15.4486884    1.44   99.00  0.216     1.40     118
09.000613   175.6802830  +15.4372600    0.94   99.00  0.186     0.96     118
09.000112   175.7057899  +15.4642943    0.89   99.00  0.210     1.29     118
09.000100   175.7061037  +15.4654382    1.01   99.00  0.213     1.35     118
09.000242   175.7088208  +15.4572404    0.97   99.00  0.208     1.26     118
09.000349   175.6708040  +15.4529628    0.92   99.00  0.189     0.99     118
09.000426   175.6713900  +15.4498170    1.21   99.00  0.186     0.96     118
09.000526   175.7091271  +15.4430267    1.50   99.00  0.211     1.32     118
09.000292   175.7056162  +15.4555836    1.04   99.00  0.193     1.05     117
09.000447   175.6718634  +15.4473742    0.90   99.00  0.184     0.96     117
09.000636   175.6778639  +15.4362232    0.96   99.00  0.194     1.08     117
09.000638   175.6903786  +15.4360577    0.90   99.00  0.181     0.93     117
09.000617   175.6978830  +15.4379077    1.08   99.00  0.186     0.99     117
09.000520   175.6790205  +15.4432019    0.50   99.00  0.154     0.71     117
09.000096   175.6685444  +15.4656024    0.90   99.00  0.212     1.41     116
09.000280   175.6809208  +15.4558008    0.11   23.96  0.026     0.48     116
09.000630   175.6739061  +15.4362298    0.95   99.00  0.201     1.22     116
09.000052   175.6876452  +15.4680324    0.94   99.00  0.185     1.00     116
09.000299   175.6704061  +15.4551081    0.91   99.00  0.188     1.04     116
09.000461   175.6813255  +15.4473657    0.11   25.23  0.025     0.45     116
09.000192   175.6696495  +15.4594853    0.95   99.00  0.196     1.16     115
09.000578   175.6810506  +15.4393355    0.56   99.00  0.166     0.83     115
09.000589   175.7053428  +15.4389139    1.14   99.00  0.201     1.25     115
09.000346   175.6726885  +15.4531583    0.85   99.00  0.172     0.89     115
09.000236   175.6700500  +15.4573526    0.92   99.00  0.190     1.09     115
09.000552   175.7110591  +15.4407585    1.00   99.00  0.212     1.48     115
09.000361   175.7092286  +15.4520680    0.85   99.00  0.199     1.23     115
09.000469   175.6996666  +15.4469996    0.51   99.00  0.151     0.73     114
09.000577   175.6733349  +15.4393881    0.92   99.00  0.189     1.11     114
09.000111   175.7022548  +15.4642918    0.92   99.00  0.189     1.13     113
09.000639   175.6900749  +15.4359702    0.87   99.00  0.172     0.93     113
09.000269   175.7004554  +15.4563324    0.14   24.91  0.039     0.78     113
09.000105   175.6685664  +15.4650929    0.96   99.00  0.203     1.39     113
09.000323   175.6706045  +15.4542761    0.89   99.00  0.179     1.02     113
09.000446   175.6719005  +15.4475795    0.87   99.00  0.173     0.95     113
09.000619   175.6952441  +15.4369246    0.87   99.00  0.174     0.97     113
09.000026   175.6913249  +15.4697879    0.91   99.00  0.186     1.12     112
09.000316   175.7075625  +15.4546023    1.21   99.00  0.188     1.15     112
09.000570   175.6916114  +15.4398606    0.48   99.00  0.145     0.72     112
09.000235   175.6699712  +15.4576403    0.90   99.00  0.184     1.10     112
09.000543   175.7138904  +15.4415410    0.99   99.00  0.210     1.61     112
09.000075   175.6822023  +15.4669297    0.87   99.00  0.174     0.99     112
09.000624   175.6963936  +15.4371183    0.87   99.00  0.173     0.99     112
09.000300   175.6705584  +15.4548380    0.88   99.00  0.176     1.03     111
09.000649   175.6804869  +15.4342145    0.90   99.00  0.183     1.12     111
09.000058   175.6774002  +15.4676703    0.98   99.00  0.185     1.15     111
09.000010   175.6947398  +15.4717519    1.04   99.00  0.193     1.28     111
09.000198   175.7097446  +15.4593086    0.42   24.19  0.048     1.35     111
09.000645   175.6786931  +15.4351009    1.22   99.00  0.181     1.11     111
09.000596   175.6946585  +15.4383273    0.68   99.00  0.160     0.88     111
09.000604   175.6903564  +15.4375703    0.70   99.00  0.156     0.84     111
09.000063   175.6830789  +15.4674485    0.87   99.00  0.172     1.00     111
09.000646   175.6845069  +15.4349423    0.87   99.00  0.172     1.01     110
09.000183   175.6977990  +15.4603511    0.50   99.00  0.148     0.78     110
09.000057   175.6829223  +15.4678155    0.87   99.00  0.172     1.03     110
09.000629   175.6738540  +15.4364248    0.91   99.00  0.185     1.21     110
09.000018   175.6893125  +15.4707730    0.89   99.00  0.181     1.17     109
09.000006   175.7058880  +15.4727988    0.96   99.00  0.204     1.65     109
09.000048   175.6822879  +15.4682304    0.87   99.00  0.172     1.06     109
09.000024   175.6929825  +15.4698664    0.88   99.00  0.177     1.15     108
09.000456   175.7094370  +15.4478970    0.94   99.00  0.184     1.26     108
09.000282   175.7096749  +15.4558244    0.90   99.00  0.184     1.29     108
09.000128   175.6689379  +15.4631849    0.91   99.00  0.185     1.31     107
09.000652   175.6747070  +15.4336890    0.91   99.00  0.185     1.31     107
09.000263   175.7102032  +15.4564474    0.95   99.00  0.184     1.32     107
09.000467   175.7030775  +15.4476874    0.57   99.00  0.153     0.90     107
09.000201   175.6755476  +15.4587031    0.73   20.43  0.030     0.84     106
09.000088   175.6966744  +15.4661566    0.75   99.00  0.163     1.02     106
09.000254   175.7030028  +15.4569758    0.52   99.00  0.155     0.93     106
09.000625   175.6760521  +15.4367619    0.55   99.00  0.168     1.11     105
09.000050   175.6749360  +15.4681671    0.88   99.00  0.177     1.26     105
09.000041   175.6785312  +15.4688213    0.87   99.00  0.172     1.18     105
09.000017   175.6908579  +15.4709056    0.87   99.00  0.172     1.18     105
09.000291   175.6998193  +15.4556057    0.46   99.00  0.128     0.73     105
09.000020   175.6877481  +15.4701399    0.83   99.00  0.167     1.13     105
09.000047   175.6754759  +15.4682338    0.88   99.00  0.174     1.24     105
09.000655   175.6760534  +15.4333730    0.88   99.00  0.175     1.28     104
09.000074   175.6683850  +15.4667739    0.90   99.00  0.184     1.46     104
09.000044   175.6759108  +15.4683472    0.87   99.00  0.172     1.23     104
09.000014   175.6942946  +15.4714805    0.87   99.00  0.172     1.26     103
09.000176   175.7043792  +15.4608544    0.73   99.00  0.161     1.11     103
09.000205   175.6697141  +15.4590037    0.61   99.00  0.163     1.15     102
09.000059   175.6728526  +15.4677636    0.87   99.00  0.173     1.31     102
09.000060   175.6725369  +15.4677166    0.87   99.00  0.173     1.32     102
09.000012   175.6959677  +15.4717804    0.87   99.00  0.172     1.31     102
09.000001   175.6745043  +15.4331867    0.87   99.00  0.172     1.34     101
09.000428   175.6714297  +15.4496177    0.48   99.00  0.144     0.96     101
09.000580   175.7091275  +15.4394330    0.87   99.00  0.174     1.42     101
09.000073   175.6685043  +15.4669271    0.88   99.00  0.175     1.46     100
09.000094   175.7065750  +15.4657332    0.49   99.00  0.171     1.38     100
09.000071   175.6688963  +15.4670290    0.87   99.00  0.173     1.45     100
09.000008   175.6996420  +15.4725021    0.87   99.00  0.172     1.44     100
09.000162   175.7094644  +15.4613405    0.86   99.00  0.169     1.38     99
09.000033   175.6820510  +15.4694518    0.67   99.00  0.154     1.14     99
09.000034   175.6817210  +15.4694004    0.64   99.00  0.153     1.14     99
09.000583   175.7049708  +15.4392597    0.71   99.00  0.158     1.23     98
09.000521   175.7125030  +15.4433133    0.43   25.01  0.043     1.50     98
09.000002   175.7068085  +15.4739527    0.89   99.00  0.179     1.74     98
09.000407   175.6734044  +15.4505868    0.23   22.49  0.028     0.84     97
09.000015   175.7018154  +15.4711576    0.62   99.00  0.165     1.43     97
09.000564   175.7132825  +15.4401578    0.87   99.00  0.172     1.61     97
09.000102   175.7012077  +15.4654477    0.51   99.00  0.145     1.14     95
09.000541   175.7042384  +15.4420572    0.48   99.00  0.138     1.10     94
09.000591   175.7034999  +15.4388316    0.49   99.00  0.142     1.17     93
09.000301   175.6834044  +15.4551453    0.54   24.45  0.001     0.34     93
09.000256   175.6801315  +15.4568198    0.14   23.60  0.016     0.56     93
09.000009   175.6965149  +15.4720748    0.59   99.00  0.149     1.34     92
09.000598   175.6854894  +15.4381266    0.14   24.77  0.026     0.81     91
09.000454   175.6942168  +15.4479542    0.14   23.05  0.006     0.42     91
09.000500   175.6895852  +15.4446146    0.14   23.18  0.006     0.42     91
09.000260   175.7075140  +15.4566125    0.46   99.00  0.133     1.18     90
09.000051   175.7060439  +15.4680848    0.53   99.00  0.147     1.45     89
09.000528   175.7064270  +15.4429147    0.20   23.96  0.032     1.18     89
09.000495   175.7128083  +15.4451761    0.47   99.00  0.139     1.49     85
09.000069   175.6954299  +15.4667614    0.16   21.71  0.024     1.02     85
09.000092   175.6991371  +15.4660470    0.80   21.87  0.025     1.09     84
09.000605   175.6903476  +15.4372241    0.49   22.84  0.017     0.86     76
09.000506   175.6863411  +15.4440376    0.23   23.80  0.000     0.45     76
09.000097   175.6938604  +15.4652291    0.13   21.47  0.016     0.90     75
09.000078   175.6772125  +15.4667056    0.70   22.56  0.018     1.11     70
09.000533   175.6867907  +15.4426185    0.10   22.82  0.000     0.53     68
09.000518   175.6827732  +15.4432898    0.10   22.64  0.000     0.57     64
09.000517   175.6822723  +15.4434668    0.09   23.25  0.000     0.58     64
09.000620   175.6949462  +15.4368739    1.63   99.00  0.051     0.96     63
09.000640   175.6896901  +15.4359456    1.75   99.00  0.046     0.93     62
09.000601   175.6945474  +15.4378538    0.73   99.00  0.042     0.90     62
09.000551   175.7105815  +15.4407555    1.59   99.00  0.077     1.46     61
09.000504   175.6800448  +15.4444087    0.08   23.63  0.000     0.62     61
09.000648   175.6744898  +15.4343847    1.62   99.00  0.058     1.28     57
09.000487   175.6981643  +15.4456291    0.14   20.11  0.000     0.69     56
09.000628   175.6910904  +15.4363937    1.75   99.00  0.028     0.92     56
09.000634   175.6891040  +15.4361633    1.71   99.00  0.024     0.92     54
09.000245   175.7036445  +15.4571590    0.16   24.36  0.007     0.97     54
09.000115   175.6858983  +15.4638656    0.12   22.85  0.001     0.76     53
09.000611   175.6974880  +15.4378370    2.24   24.51  0.007     0.98     53
09.000512   175.6979312  +15.4439314    0.08   23.89  0.000     0.73     53
09.000116   175.6856507  +15.4633911    0.20   20.73  0.000     0.73     53
09.000643   175.6757245  +15.4351062    0.12   21.98  0.009     1.21     51
09.000579   175.6890320  +15.4386696    0.56   19.90  0.000     0.77     51
09.000632   175.6784769  +15.4363093    0.41   24.69  0.007     1.06     51
09.000538   175.6982079  +15.4422014    0.23   23.96  0.000     0.81     49
09.000435   175.7016287  +15.4479057    0.32   18.78  0.000     0.82     49
09.000607   175.6853998  +15.4375423    0.06   99.00  0.000     0.84     47
09.000203   175.7059075  +15.4589197    0.21   20.17  0.005     1.13     47
09.000653   175.6742543  +15.4339359    1.76   99.00  0.032     1.31     45
09.000600   175.6956299  +15.4378302    0.10   99.00  0.001     0.93     44
09.000557   175.6767561  +15.4402789    0.08   21.68  0.000     0.93     44
09.000516   175.7090322  +15.4435467    1.60   99.00  0.027     1.31     44
09.000224   175.7026134  +15.4582929    0.39   25.05  0.000     0.94     43
09.000457   175.7043694  +15.4476326    0.18   21.88  0.000     0.98     42
09.000031   175.6827360  +15.4693206    0.25   22.83  0.000     1.12     37
09.000204   175.7059401  +15.4583134    0.20   18.61  0.000     1.12     37
09.000035   175.6948885  +15.4690898    0.27   23.56  0.000     1.14     37
09.000313   175.7099208  +15.4545716    0.63   21.99  0.002     1.29     37
09.000508   175.7062069  +15.4439661    0.21   23.16  0.000     1.15     37
09.000485   175.7070541  +15.4460265    0.10   23.61  0.000     1.15     36
09.000049   175.6979012  +15.4680915    0.09   23.24  0.000     1.16     36
09.000359   175.7088100  +15.4522316    0.09   99.00  0.000     1.21     35
09.000327   175.7087998  +15.4536241    0.12   21.03  0.000     1.21     35
09.000036   175.6982507  +15.4690490    0.09   23.26  0.000     1.22     35
09.000080   175.6718298  +15.4664639    0.09   22.82  0.001     1.30     35
09.000556   175.7070307  +15.4403884    0.27   21.85  0.000     1.29     33
09.000143   175.7074915  +15.4624887    0.20   22.25  0.000     1.31     33
09.000121   175.7071193  +15.4634248    0.13   20.85  0.000     1.32     32
09.000563   175.7083246  +15.4401684    0.37   24.48  0.000     1.36     32
09.000053   175.7075829  +15.4678579    0.11   22.72  0.001     1.51     31
09.000077   175.7074483  +15.4667626    0.10   23.08  0.000     1.46     30
09.000104   175.7087473  +15.4651148    0.10   24.33  0.000     1.46     30
